3 3 666 738 20 20
12 12 648 720 20 20
-24 240 144 72 20 20
-24 384 144 72 20 20
552 240 144 72 20 20
552 384 144 72 20 20
264 312 144 72 20 20
288 300 24 12
360 300 24 12
-24 327 48 43
648 327 48 43
-24 243 48 67
-24 387 48 67
648 243 48 67
648 387 48 67
6 204 4 31
6 459 4 240
663 204 4 31
663 459 4 240
6 231 10 7
6 459 10 7
657 231 10 7
657 459 10 7
0 0 1 284
0 432 1 284
0 0 744 1
-24 315 48 7
-24 375 48 7
648 315 48 7
648 375 48 7
312 6 48 4
327 6 19 24
6 591 12 19
652 591 12 19
312 159 48 19
327 168 19 48
312 447 48 19
327 456 19 48
312 591 48 19
327 600 19 48
183 216 19 48
192 231 48 19
471 216 19 48
432 231 48 19
84 519 36 19
111 528 19 48
552 519 36 19
543 528 19 48
156 663 96 19
183 624 19 48
444 663 96 19
471 624 19 48
276 303 24 7
372 303 24 7
312 297 48 25