48 48 96 72 
168 48 120 72 
312 -24 48 144 
384 48 120 72 
528 48 96 72 
48 144 96 48 
168 144 48 192 
168 216 120 48 
240 144 192 48 
312 144 48 120 
384 216 120 48 
456 144 48 192 
528 144 96 48 
-24 216 168 120 
528 216 168 120 
-24 360 168 120 
240 288 192 120 
168 360 48 120 
240 432 192 48 
312 432 48 120 
456 360 48 120 
528 360 168 120 
48 504 96 48 
96 504 48 120 
168 504 120 48 
384 504 120 48 
528 504 96 48 
528 504 48 120 
-24 576 96 48 
600 576 96 48 
168 576 48 120 
240 576 192 48 
456 576 48 120 
48 648 240 48 
312 576 48 120 
384 648 240 48 
0 0 672 24 
0 0 24 312 
0 384 24 360 
0 720 672 24 
648 0 24 312 
648 384 24 360 
