36 36
36 60
36 108
36 132
36 156
36 180
36 204
36 492
36 516
36 540
36 636
36 660
36 684
36 708
60 36
60 132
60 204
60 492
60 564
60 636
60 708
84 36
84 132
84 204
84 492
84 564
84 588
84 612
84 636
84 708
108 36
108 132
108 204
108 492
108 636
108 708
132 36
132 132
132 204
132 492
132 636
132 708
156 36
156 60
156 84
156 108
156 132
156 156
156 180
156 204
156 228
156 252
156 276
156 300
156 324
156 348
156 372
156 396
156 420
156 444
156 468
156 492
156 516
156 540
156 564
156 588
156 612
156 636
156 708
180 36
180 132
180 492
180 564
180 708
204 36
204 132
204 492
204 564
204 708
228 36
228 132
228 156
228 180
228 204
228 492
228 564
228 588
228 612
228 636
228 708
252 36
252 132
252 204
252 492
252 564
252 636
252 708
276 36
276 132
276 204
276 492
276 564
276 636
276 708
300 36
300 60
300 84
300 108
300 132
300 204
300 492
300 516
300 540
300 564
300 636
300 660
300 684
300 708
324 132
324 708
348 132
348 708
372 36
372 60
372 84
372 108
372 132
372 204
372 492
372 516
372 540
372 564
372 636
372 660
372 684
372 708
396 36
396 132
396 204
396 492
396 564
396 636
396 708
420 36
420 132
420 204
420 492
420 564
420 636
420 708
444 36
444 132
444 156
444 180
444 204
444 492
444 564
444 588
444 612
444 636
444 708
468 36
468 132
468 492
468 564
468 708
492 36
492 132
492 492
492 564
492 708
516 36
516 60
516 84
516 108
516 132
516 156
516 180
516 204
516 228
516 252
516 276
516 300
516 324
516 348
516 372
516 396
516 420
516 444
516 468
516 492
516 516
516 540
516 564
516 588
516 612
516 636
516 708
540 36
540 132
540 204
540 492
540 636
540 708
564 36
564 132
564 204
564 492
564 636
564 708
588 36
588 132
588 204
588 492
588 564
588 588
588 612
588 636
588 708
612 36
612 132
612 204
612 492
612 564
612 636
612 708
636 36
636 60
636 108
636 132
636 156
636 180
636 204
636 492
636 516
636 540
636 636
636 660
636 684
636 708